[101],[1],[2],[9],[16],[23],[5],[8],[12],[19],[21],[32],[38]
[102],[1]
[103]
[104]
[105]
[106]
[107]
[108]
[109]
[110]
[111]
[112]
[113]
[114],[1]
[115],[1],[12]
[116],[1]
[117]
[118]
[119],[1]
[120]
[121]
[122]
[123]
[124],[1]
[125]
[126],[1],[2],[5],[9]
[201]
[202]
[203]
[204]
[205]
[206]
[207]
[208]
[209],[48]
[210]
[211]
[212]
[213]
[214]
[215]
[216]
[217]
[218]
[219]
[220]
[221]
[222]
[223]
[224]
[225]
[226]
[227]
[228]
[229]
[230]
[231]
[232]
[233]
[234]
[235]
[236]
[237]
[238]
[239]
[301]
[302]
[303]
[304]
[305]
[306]
[307]
[308]
[309]
[310]
[311]
[312]
[313]
[314]
[315]
[316]
[317]
[318]
[319]
[320]
[321]
[322]
[323]
[324]
[325]
[326]
[327]
[328]
[329],[7],[22],[43],[6],[13],[25],[35],[39],[45]
[330]
[331],[6],[13],[25],[45],[7],[22],[35],[39],[43]
